Promedio: 2.1184051023500565
Mediana: 7.2
Desviacion estandar: 90.52222217111
Minimo: -1439.5333333333333
Maximo: 139.91666666666666
